
FCClusters =

   85.0581  186.2358  201.1986   47.1990  133.7430
   84.3761  169.3817  185.1940   47.2917  126.0869
   76.1617  143.3618  161.9234   34.3290   99.9179


FCovs(:,:,1) =

  137.5592   95.5942   33.1395
   95.5942  110.1285   89.3079
   33.1395   89.3079  260.3655


FCovs(:,:,2) =

   61.5576   37.6862   18.6759
   37.6862   45.7647   50.9034
   18.6759   50.9034  103.5470


FCovs(:,:,3) =

   52.5513   38.4341   23.1489
   38.4341   36.6888   34.4769
   23.1489   34.4769   49.4787


FCovs(:,:,4) =

  197.4538  166.9489   83.5279
  166.9489  189.0458   99.6637
   83.5279   99.6637  158.9416


FCovs(:,:,5) =

  229.0829  149.7629   59.6603
  149.7629  138.6029   74.5186
   59.6603   74.5186  221.8832


FWeights =

    0.1739    0.2132    0.3547    0.1852    0.0731


Bdim =

     3


BCClusters =

  201.5143   94.7495   54.1988  188.4990  116.6704
  185.1134   96.3880   55.8261  170.7467  115.6218
  161.6137   95.8820   56.7220  145.2130  110.9963


BWeights =

    0.4398    0.1595    0.1155    0.2054    0.0798


BCovs(:,:,1) =

   34.8978   21.1817    7.1673
   21.1817   19.6977   17.1276
    7.1673   17.1276   28.1346


BCovs(:,:,2) =

   43.0651   38.1970   32.8592
   38.1970   44.4132   50.2640
   32.8592   50.2640   70.0881


BCovs(:,:,3) =

  129.2685  118.1662  100.2250
  118.1662  114.9240  106.1070
  100.2250  106.1070  111.8645


BCovs(:,:,4) =

   58.0330   34.6467   14.7221
   34.6467   49.9612   60.5962
   14.7221   60.5962   99.3161


BCovs(:,:,5) =

  164.6426   84.0150   -4.2318
   84.0150   57.1359   24.6461
   -4.2318   24.6461   53.4419