
FCClusters =

  134.7771  126.8705   99.1638
   46.7762   46.6642   32.2830
  186.0925  169.4243  143.4247
  201.4745  185.5305  162.3191
   84.7617   83.9413   74.3766
